44.12451379  
40.15827891  
0.7273626406  
-7.282688686  
-55.87009255  
28.58565053  
67.42173113  
130.4537947  
30.69563133  
137.5910833  
107.6333371  
10.29368582  
-30.95905756  
-20.29674872  
38.69701059  
58.53616815  
95.53713374  
10.41483742  
24.22206839  
-37.04195116  
116.1987587  
82.92499053  
71.27636533  
48.06066378  
-11.02123964  
-41.55863167  
-55.07429035  
104.3925592  
-32.08066403  
125.1331706  
47.32370521  
-106.5632595  
47.1173102  
33.63297856  
16.35280374  
25.1810381  
125.4574985  
68.43231266  
48.68993451  
101.2870223  
21.74168771  
133.8672452  
50.24056949  
31.56453188  
-83.96000799  
51.55482176  
41.60559438  
39.14286595  
71.10440361  
202.8454114  
108.2912247  
-59.96487315  
17.86834957  
50.20385034  
29.08854252  
-22.0933748  
117.9100465  
-59.64649481  
