10418
10462
10486
10529
10584
10585
10589
10590
10617
10638
10640
10641
10644
10647
10649
10652
10656
10661
10663
10668
10674
10677
10685
10690
10691
10700
10701
10716
10718
10720
10723
10741
10748
10767
10770
10777
10781
10783
10785
10794
10800
10801
10802
10803
10804
10809
10810
10817
10827
10834
10838
10843
10850
10854
10857
10860
10862
10863
10866
10875
10887
10896
10897
10898
10918
10919
10924
10928
10929
10930
10938
10950
10951
10952
10956
10958
10961
10964
10966
10969
10977
10983
10984
10998
11007
11012
11016
11021
11030
11031
11036
11039
11042
11053
11058
11060
11063
11065
11066
11068
11071
11072
11074
11078
11084
11116
11120
11126
11134
11139
11192
11193
11209
11227
11238
11241
11246
11286
11301
11311
11316
11318
11321
11325
11326
11329
11330
11337
11338
11343
11345
11348
11367
11376
11377
11387
11416
11426
11430
11433
11435
11439
11440
11450
11451
11462
11472
11493
11498
11517
11518
11523
11526
11527
11530
11532
11533
11534
11535
11536
11539
11540
11545
11551
11563
11570
11572
11587
11588
11591
11599
11606
11614
11622
11625
11628
11631
11660
11670
11674
11679
11681
11694
11701
11703
11705
11709
11714
11722
11736
11744
11746
11756
11764
11772
11773
11774
11784
11787
11788
11790
11793
11795
11815
11822
11823
11824
11829
11836
11853
11861
11866
11867
11870
11872
11876
11881
11885
11897
11900
11902
11913
11914
11922
