59.94687052  
-39.09887204  
1.420285045  
56.52059761  
-121.9557618  
-131.8495432  
-114.3874786  
-98.13856263  
-56.43958464  
-2.246676212  
62.9730883  
-52.7627239  
-135.5914454  
-145.1656598  
-27.32460958  
3.372645776  
-8.756179903  
-13.99861009  
-130.2124688  
-29.65087711  
-165.6464109  
-74.63637289  
148.8723405  
-153.2769216  
-91.14263115  
-39.45170316  
54.99275631  
-54.84265179  
-42.57115709  
-82.86050655  
-119.7820607  
-127.024302  
-173.0839626  
-122.8013964  
-23.87236446  
-18.35046816  
-134.6441947  
-46.43798579  
137.9973647  
-37.27193303  
73.37179832  
5.947447274  
-16.16802048  
-34.50374465  
-89.06291076  
-68.50357486  
-64.90611918  
-77.58116411  
-66.25488311  
55.29904471  
-202.2088558  
80.15120097  
-44.92590207  
-274.9348528  
-122.4253792  
-79.56375339  
24.40533476  
-109.6693736  
-64.61439011  
-12.83852348  
-60.44186324  
-48.44775881  
51.48621606  
-94.44807686  
-116.4350579  
-58.78477716  
105.3199548  
-56.67982863  
-93.85471831  
-203.5737462  
-16.1696491  
-132.8316933  
7.363899413  
-124.9065673  
21.52962913  
3.558505438  
-29.58690404  
-24.71179225  
-189.5099092  
-60.54102983  
-177.9755222  
-118.1991713  
22.99240425  
-142.4653566  
-3.159107734  
-78.13851664  
-46.11254412  
-10.51917123  
51.28366508  
-158.8916464  
-55.65184037  
37.34632595  
-22.26252416  
-202.9331714  
-18.584281  
-114.0863319  
-170.0301706  
-104.7721401  
-138.0416301  
-9.025114698  
-67.27941139  
79.83634148  
121.0216241  
-9.852268223  
-89.07681228  
-113.5617566  
98.22824519  
-141.5013251  
-79.51092759  
-125.9048003  
4.192161048  
-56.00899759  
-26.05053037  
106.8228638  
13.3110947  
-2.192759095  
