50.83086872  
62.32734553  
-212.9752452  
74.77509816  
153.7689896  
19.71953519  
177.2831742  
-36.68991725  
-36.9788208  
40.88308875  
-34.67186753  
0.719833374  
-109.4515266  
-50.03331566  
89.27893957  
42.76250203  
-78.83430354  
5.834826787  
-164.2576319  
-124.4329859  
-47.20900726  
-189.2119554  
-36.4025507  
232.7390887  
-44.90793673  
-44.30112394  
-77.17446931  
3.647879283  
-48.07088566  
-120.6832183  
-66.03050168  
45.646101  
-58.98358949  
30.76806768  
28.1406641  
32.11297226  
44.69866117  
-131.4039504  
-41.17537562  
-14.75260735  
-79.70988592  
67.49442673  
28.51560132  
-242.176946  
-40.10740662  
42.74640433  
34.78074265  
97.65026474  
70.69519552  
33.84852282  
438.7820689  
-2.664726257  
-18.36883609  
-37.46221733  
320.9888916  
-4.51935784  
-51.72767639  
119.7547436  
31.35615158  
174.014754  
-70.36769485  
38.27276993  
-49.33868933  
81.04633141  
47.17563311  
-113.7215163  
15.84533946  
-69.52401479  
-59.47450384  
-8.874015808  
-71.10418685  
37.61468601  
22.42203585  
-37.57744726  
163.8662783  
-42.19162623  
-99.92074076  
-22.2237498  
170.4712245  
-56.40751998  
82.73675791  
163.3587468  
37.63813909  
-186.5404034  
-74.10706615  
19.18645509  
68.30231476  
-71.9066836  
115.1120148  
-115.4688765  
-85.18786716  
-20.14267111  
-169.0021884  
-166.3422483  
60.0382905  
-76.79556529  
-66.46531328  
-110.8996518  
67.52333514  
5.151940982  
45.91857632  
11.92001375  
157.0190182  
17.12788359  
18.19615078  
24.41490873  
-24.5059166  
177.4340795  
-149.2021993  
-11.49942907  
304.3237883  
-149.6482582  
-167.1486626  
-152.8472462  
68.45509307  
68.81015714  
-178.9322637  
21.74942462  
-90.41699123  
39.9621973  
73.01729075  
-26.86110703  
40.22063669  
-145.089831  
220.7774302  
154.6430791  
57.30812772  
-10.16962083  
-150.019762  
4.200389226  
-40.69116084  
81.47303009  
29.57850901  
-56.7457811  
38.90912183  
84.60180775  
123.1114902  
-38.64031951  
-55.54282443  
-161.7215106  
-65.52608554  
-72.60470517  
130.3733101  
-29.55911954  
-92.24414444  
37.2543176  
-78.54198662  
-142.0015634  
249.0381889  
278.9472529  
73.84757106  
-25.02012237  
88.77350712  
93.57844671  
-233.3880335  
-27.02405945  
54.51196607  
46.16267522  
-109.4588509  
-101.007679  
26.56009324  
55.84504477  
46.30781364  
103.842783  
-73.25764529  
47.02749538  
-38.07906437  
50.79781914  
78.93684578  
-112.6306241  
71.72562726  
121.5761121  
-50.92861589  
61.65511696  
42.51372274  
-74.68356705  
26.74464671  
66.76220067  
-14.78594303  
71.4968249  
25.01475843  
84.51005491  
30.06741722  
52.02468681  
-172.9447851  
-5.710151037  
-85.70011489  
22.00308355  
-168.9474169  
-0.917639335  
-84.85782178  
-5.155336062  
-8.063964526  
-41.37018394  
77.73278371  
-173.7605508  
-218.8237419  
254.6158403  
-59.3650194  
-82.97205861  
71.42831421  
40.05496597  
24.16321627  
26.29249827  
-138.3610344  
-5.186257044  
161.176513  
0.2141334216  
-87.41487185  
38.38776112  
44.98333581  
64.49656645  
-56.18852297  
71.08593496  
-122.3526344  
7.969807466  
56.47467907  
-48.34390895  
-18.05363441  
14.2295634  
-144.0616188  
35.5576779  
38.22356033  
-3.145238876  
