-1.486667985  
-18.42162769  
-39.91477181  
-26.15118857  
-5.183719963  
17.94579717  
-10.90106148  
-30.964306  
-11.49150951  
12.53772362  
-28.27317318  
-22.66387878  
-22.4516485  
-21.78509893  
16.75716877  
-29.27644288  
0.2708729477  
-41.6769521  
-9.24996804  
17.67132038  
-6.577252099  
-28.62907894  
5.084682687  
-94.25859096  
-3.37419229  
2.092428766  
38.25248246  
-4.579577178  
-102.9566621  
-11.94572717  
51.11880419  
-1.76481203  
-4.161754958  
-31.45679544  
-9.657908303  
-33.7012691  
-23.72155425  
-43.31648756  
-44.00988076  
-1.520611305  
0.9844286  
22.39914895  
-1.20315771  
-11.054404  
-5.460865581  
-24.60971828  
45.28889784  
19.49332477  
-5.381069433  
1.273607778  
12.55412718  
-74.25550329  
4.530776732  
-35.59573169  
-21.28232217  
-28.57649756  
48.17312997  
6.571091832  
34.9118686  
9.268619841  
-5.441531585  
-34.74213533  
-22.67499927  
-2.910938494  
-15.29316283  
-16.75384455  
4.968691891  
7.854021174  
-1.379936688  
-11.92584714  
-8.816872255  
-33.17021474  
-10.98593739  
-10.54315521  
30.27646973  
3.709840517  
-9.011582823  
-10.05755797  
-9.145549588  
-24.06138602  
-16.42893628  
7.872807616  
1.119789605  
25.44930059  
37.12540966  
23.28812891  
7.607577315  
5.527641366  
-10.53768012  
-31.04965538  
-44.1993966  
-18.65281177  
-16.21650793  
-34.75102751  
-7.453377277  
-40.35540122  
-8.87322468  
-3.285118178  
-4.33820583  
35.11195366  
-2.905422258  
3.787992453  
-19.51929258  
40.36043916  
37.40854487  
12.75032071  
-37.80187558  
-36.97161622  
8.685959249  
-32.2834709  
-34.81700964  
16.38788845  
6.654197469  
-35.52624034  
-38.75186859  
-3.929828981  
-108.4660442  
-9.503008815  
32.1965839  
22.09371248  
34.17868833  
-3.689961616  
-29.23555845  
-35.9373768  
32.45311151  
-12.76488541  
-30.4590943  
-4.794580486  
-16.11874899  
-35.5052892  
-9.088865327  
25.30775149  
-15.18924489  
14.44436191  
15.58319648  
25.30451824  
8.636736065  
-48.34734771  
-3.757452127  
-9.795770105  
-45.76890522  
33.22609531  
-30.63846081  
-39.5229171  
-51.79219806  
-5.073797483  
-28.86444216  
40.92930394  
10.48612891  
16.57927661  
-17.20738438  
42.97775568  
-10.42992551  
-2.327779315  
-18.94710823  
-92.34396927  
3.020948774  
11.89631649  
14.11879781  
5.000412079  
89.6093905  
10.05151328  
-105.1452598  
46.9190446  
29.90556603  
3.088224601  
-57.59475148  
-0.8949327353  
-6.86311122  
-26.51087474  
-6.919077586  
13.21843286  
28.10140537  
-13.99493108  
-33.03765747  
-1.556298043  
-17.63018617  
18.08849584  
-20.58048979  
4.945393345  
-48.56647007  
7.813474762  
-17.00668473  
30.35334853  
-41.84185875  
-16.36854698  
-8.066939807  
-21.42017725  
-23.00486005  
-32.87421823  
36.36389694  
15.60770729  
-27.41278413  
-23.38799926  
-50.87130875  
-7.98082047  
-11.04250919  
-115.6531839  
162.1585327  
-22.84697881  
-18.15350995  
-13.91528068  
0.5886539735  
-51.34806147  
-52.12251098  
-32.42211437  
-50.97124247  
26.85745188  
0.3857920178  
74.17551227  
-9.990102379  
10.25432299  
25.66455232  
49.45752401  
-17.87606938  
22.74362128  
54.98606759  
-20.83577994  
82.08110687  
-51.67941334  
-12.64321155  
40.13677735  
2.678114107  
-1.90585484  
-89.38372517  
5.004836143  
-49.69878464  
-64.68834236  
-33.59609411  
28.69325315  
1.947099758  
-32.74660176  
