13.41243611  
72.07021918  
9.321132313  
47.46600875  
-118.63708  
129.0067898  
43.96970792  
129.3403688  
41.16265396  
41.57359453  
-59.50326617  
63.22026527  
-52.95843262  
108.7000553  
180.1159818  
-29.365727  
-51.74553956  
48.2775873  
69.92814995  
53.80898235  
55.70612625  
-52.47054136  
2.286719674  
-0.1156667547  
82.00823618  
-60.41146039  
38.42769294  
-116.4855662  
15.18426302  
58.94703346  
78.27011722  
206.128936  
129.1583382  
-67.93505754  
-8.006084605  
62.91714622  
117.1243303  
-34.71473071  
-41.35738981  
-75.52849407  
-109.3868899  
-28.76688019  
-106.1461055  
39.87266592  
20.10966255  
99.53231959  
58.09345647  
42.29441868  
-102.5911644  
55.49390435  
100.91642  
93.54153657  
60.05267953  
6.479055299  
-60.27388476  
13.02831148  
16.69702172  
80.78439033  
