6.912997989  
5.085041435  
-36.74783215  
-44.97458538  
34.45875648  
56.18776578  
-16.11274931  
-0.9905677695  
-0.7780273505  
35.20635732  
-20.92584571  
-27.57398821  
-12.69277836  
13.74683102  
55.3218471  
-29.07818507  
36.28835817  
-21.68725969  
-10.69896275  
11.62123205  
-11.1541535  
-18.90114855  
53.4930715  
-47.0556767  
0.459688349  
28.72739196  
38.72796555  
15.12688787  
-71.56784706  
-22.00363236  
42.81666011  
10.64070557  
6.400560797  
2.26189716  
-33.55928503  
31.50949029  
13.3431084  
-20.86068804  
-41.08725336  
11.27871837  
18.96255233  
2.078887245  
47.95531343  
22.13289863  
23.27038019  
17.67135963  
42.68776804  
22.52127688  
22.37240893  
-33.23753389  
8.645842826  
-51.01675412  
10.27680843  
-11.92434243  
-20.10859388  
5.065667613  
15.99229844  
21.52373647  
32.36908854  
27.06672767  
-26.41901773  
-8.18811011  
-7.038632514  
-12.97085826  
2.680632748  
6.501180381  
42.19218311  
-10.40197395  
14.44507933  
-13.58737649  
-3.023240235  
-17.95857009  
-13.34251498  
10.69139795  
25.87936795  
-17.98018893  
-23.06910727  
5.568741951  
18.22066673  
5.405426741  
15.10875363  
37.16610728  
16.24953429  
18.35424614  
57.16961925  
37.34617671  
-13.56571547  
34.66921159  
32.60090091  
-7.06661802  
-30.33285085  
-19.77890728  
5.908135804  
-38.94723834  
10.00363497  
-27.12607418  
-15.98505393  
-9.895885707  
7.413883721  
48.07160974  
-12.30426514  
-1.356119412  
8.719794812  
29.35593438  
42.86566007  
30.70630017  
-16.02539873  
-15.85800153  
36.13158731  
25.6635573  
-8.18508963  
23.68243429  
13.87194546  
-2.761817012  
-66.91416033  
3.096024981  
-103.2060222  
33.95621145  
47.86984086  
28.51840849  
28.95186383  
33.01291657  
-13.38559718  
-54.2490913  
-11.71585  
-15.88100503  
-5.431251417  
1.655465921  
-10.81145272  
-15.63934474  
-13.35723083  
36.03421067  
32.82787244  
27.51288873  
30.55490612  
42.25380695  
25.39248532  
15.05790644  
25.32956696  
12.64839813  
45.2706266  
31.28541354  
15.90499132  
8.871504429  
-31.06513957  
7.542119946  
7.154956628  
31.35933976  
31.43112838  
44.29113827  
14.65234984  
32.31578334  
-4.065202494  
41.39031158  
-7.637594866  
-21.95717768  
28.46261928  
31.5966812  
31.27427342  
22.62025822  
15.82970373  
6.295257459  
-22.58104509  
59.72201688  
37.21192788  
-4.647932429  
24.91853619  
35.72963686  
7.056685565  
-38.12177743  
2.329049789  
4.998910831  
15.47708508  
-2.729797626  
-30.25471174  
23.44435197  
-23.43613463  
22.73187881  
18.66435103  
-20.38993673  
-18.01438275  
16.51477527  
-32.06849802  
35.21987627  
-24.37792946  
-15.33395537  
13.19224775  
-15.16542935  
51.21138614  
-17.34186827  
33.56124079  
53.33627065  
-11.86898738  
4.49967586  
-60.26139119  
10.50376942  
-34.43837723  
-87.88091288  
205.9665351  
-25.75092703  
14.43949579  
0.7999671343  
39.66421917  
-27.31065372  
-29.41520622  
8.140282603  
-27.22896069  
-11.15764796  
-2.381479944  
55.16703173  
-3.174993508  
35.05114196  
22.82329699  
25.48947229  
-17.74707674  
34.25767375  
71.91969022  
19.28422162  
131.1729314  
-42.64593329  
6.27354769  
16.83080377  
10.05724909  
-11.91873021  
-65.3078577  
26.51506256  
-27.10373487  
-43.7996921  
-31.79288992  
33.37632795  
19.57332238  
-0.740201604  
