-82.14202264  
6.536506314  
-95.07556114  
1.499561611  
-127.6519431  
-3.036309661  
-140.8301538  
63.20777366  
-145.3380005  
-85.21133418  
-21.94364503  
69.68082312  
-159.3034622  
2.469269679  
-5.47967929  
66.55279153  
-64.95408482  
-45.76688146  
-99.11974116  
-105.1346879  
32.06571431  
-161.2266733  
-18.35286711  
41.00454718  
-10.03601398  
-118.3079203  
-70.40292293  
-139.2362634  
12.28063091  
47.9739744  
25.57928857  
149.753877  
29.16440518  
-112.6195566  
121.0643017  
54.22760032  
-3.522513718  
-123.086251  
-40.56809304  
-94.56221567  
-222.7199191  
-66.77347933  
-177.3347442  
-53.73739258  
-42.80249603  
41.12077285  
-25.63068146  
-30.76013986  
-216.5595709  
-68.36592437  
110.2475832  
-2.837866876  
37.2036776  
-39.30748452  
-11.13532934  
-37.04613962  
-59.54315674  
54.95325125  
