14.27781406  
35.55739548  
-70.63035731  
-65.34355159  
34.20705137  
39.17795625  
-45.04937311  
29.1581494  
-16.77606231  
4.228937745  
-64.22367907  
15.17289321  
-33.57184509  
-27.15849116  
57.84683794  
41.00645072  
57.2467648  
86.87623031  
23.76473852  
-108.459437  
87.6363138  
126.2711208  
17.49117002  
3.016057158  
-6.903920007  
2.959643459  
-5.666004421  
16.68862712  
-32.15889165  
52.66205645  
74.06838443  
-37.11772685  
96.16255131  
87.44824572  
-58.41928759  
-17.98135528  
28.6166948  
97.7641737  
64.5814244  
-7.794565582  
-29.63891882  
123.2041966  
5.141497219  
-45.51159608  
-58.44930118  
-94.58621693  
42.50211873  
75.02307992  
-34.52640998  
34.87127749  
122.614893  
-91.07284715  
91.46425228  
2.819771653  
-0.4330577374  
-69.71131411  
68.43523226  
-9.37229445  
