5.036386245  
-5.520133091  
-8.353690888  
-19.42825617  
52.96958754  
-8.007282785  
-59.71443152  
-27.55360356  
15.74389554  
-0.2587012053  
0.4575543736  
3.354509216  
21.60794762  
-39.9402787  
2.952340516  
-8.969061862  
46.03544371  
107.6739896  
-33.16547307  
58.49545039  
-20.36098968  
13.07555854  
73.05510405  
13.87874752  
-49.38587916  
5.982731615  
-6.836455822  
-46.49837961  
-29.50605269  
-48.76031068  
-50.44001548  
55.81066186  
4.47539974  
33.13779367  
51.70981535  
-0.3260117596  
43.28021267  
-6.33627585  
1.179359636  
3.834695457  
-6.113694557  
-13.56482279  
1.507774532  
10.43906698  
16.50678599  
38.71795293  
-4.544075025  
10.65270369  
8.003677579  
-10.48882017  
-1.919656421  
-0.5902305927  
16.83842112  
-12.06747891  
-0.002533569932  
3.171651938  
-2.023698394  
-36.51868292  
