-56.56912475  
42.50751739  
39.68134187  
-62.60435212  
-83.42643688  
-2.117952414  
17.10282356  
-41.76029719  
8.609589259  
81.76506102  
16.60903822  
36.89967573  
-15.53877439  
61.90939003  
8.823373044  
-40.86356688  
48.71553791  
-53.8675053  
53.27047002  
-35.06664802  
38.49155785  
6.172559547  
-39.4651985  
-36.35750215  
18.31226766  
-21.95259395  
-47.74609263  
-11.05781846  
-78.15447003  
-11.160031  
15.37536249  
0.1589066474  
-9.254937254  
-57.75174287  
-89.37270318  
30.74776387  
-62.85229044  
-47.31483666  
32.6593588  
-6.195998298  
-23.43260322  
-95.02750219  
27.33397346  
15.67869683  
10.93300955  
18.11795066  
-75.76237916  
12.99191654  
-113.2171667  
41.8868445  
36.46997995  
-54.18506194  
-18.51686188  
61.28444471  
166.6479733  
