25.10325883  
5.402548017  
-17.19210769  
10.0752833  
97.93709808  
101.5212231  
195.9131944  
35.99390888  
-133.3373984  
-85.56464294  
-104.2238293  
-32.16158739  
-1.943136655  
76.06859001  
-46.66586385  
21.73453784  
-31.76988524  
-179.1251036  
46.69440174  
-3.808290773  
82.304459  
-49.46810682  
-19.70438193  
-1.090915034  
-66.03576906  
-117.8034813  
124.7026567  
-157.9062062  
21.00588078  
-0.3606677913  
-54.82318034  
13.52397676  
17.5173012  
23.16608658  
163.2108053  
10.75057817  
46.30626361  
-31.88873428  
-128.9066301  
-24.43013969  
-0.6115077588  
-122.7736445  
13.56137937  
-58.41331759  
-4.472788902  
0.05127881337  
-150.8303144  
-93.02881027  
-89.1717367  
-27.20411466  
-131.5138629  
-12.2096572  
-60.77512184  
12.9319859  
-8.466951706  
-132.968907  
-39.29105525  
30.99861396  
