38.14308116  
2.000361541  
43.14426971  
9.18499874  
41.77723807  
50.87621267  
28.13652439  
16.41784272  
9.56721484  
37.92072372  
-9.334401839  
61.68857887  
-15.77537105  
35.4674282  
9.454289697  
-13.96343105  
4.515049334  
-28.16833728  
-2.451391569  
1.906448203  
-17.05346978  
-10.75049256  
39.90158299  
8.979274804  
-28.34639724  
71.02180817  
15.85154272  
-12.49338204  
1.270598714  
27.26904598  
42.03625396  
53.94410948  
-23.26935686  
-2.394148748  
8.394002564  
35.72171906  
-18.08747339  
1.58532997  
-18.22909725  
32.54261642  
11.69502797  
-11.44994911  
30.99296914  
-5.818396313  
-43.79135196  
22.30909503  
20.57942079  
-20.91064351  
23.02113212  
58.80501283  
27.64378345  
28.97314986  
36.4273254  
20.65802006  
9.796615334  
8.553028769  
-2.857211687  
4.015413525  
21.73951021  
-0.04850871231  
26.41549834  
15.84153339  
3.558260164  
33.75942051  
21.63300922  
42.45057817  
55.55308893  
32.83588462  
89.23324628  
1.56145851  
17.01740627  
11.33959996  
4.243981735  
13.55137249  
-21.87971095  
31.19536056  
-12.47111448  
-10.43872663  
44.37785763  
-15.37921738  
0.7403264761  
24.78733014  
42.21123362  
36.40055404  
71.77073665  
1.707187253  
44.37243146  
2.277262378  
5.51686234  
-20.8041279  
-26.83536483  
-28.05471522  
3.290470046  
-27.32455113  
28.45734604  
37.1941555  
11.57446252  
-27.03887413  
-3.570892435  
74.82582101  
29.52823683  
-26.9807254  
12.47211195  
19.02821101  
64.79319264  
17.62727971  
17.93115123  
8.599503552  
62.9244994  
51.4027789  
26.9152332  
5.532946575  
9.773732927  
1.15007809  
0.3308084363  
26.07693685  
-44.3842207  
24.98698709  
53.74648253  
12.71344781  
47.87391049  
11.64594914  
27.12002784  
4.483486582  
-9.101483443  
-23.11617652  
15.57328466  
13.27851259  
40.20916852  
33.77982494  
44.87380183  
-24.32782959  
-21.08198732  
20.12818955  
-27.18930557  
21.5512435  
22.49246119  
-22.35281532  
70.93200143  
-8.278791517  
43.26956911  
-9.860090409  
48.96139776  
12.7250528  
31.89167166  
17.22665711  
21.38870183  
26.80619922  
52.41872403  
5.105699738  
43.11710306  
-15.86682116  
15.97051506  
12.92727086  
-5.957306629  
45.32777259  
20.63022038  
-44.23205467  
-3.3575674  
49.85703552  
46.84233572  
17.39696203  
-22.17593166  
-0.9887042907  
65.54909728  
-18.54274329  
21.18686738  
32.31042041  
-20.63416008  
13.46432592  
-9.953538882  
-11.61153792  
7.421861993  
-27.5143272  
19.95526578  
32.70856862  
17.38212664  
36.07292471  
46.06863992  
7.907441466  
6.350423151  
53.31260128  
45.12601951  
12.41106719  
-34.79198982  
18.49286706  
14.35033157  
-1.973187059  
53.48080471  
42.0709147  
64.535186  
4.802191902  
-29.94068334  
34.87685758  
29.61797005  
-29.29892862  
-20.47943999  
10.6082185  
-5.503560542  
-5.638120501  
-28.62696726  
13.66809561  
8.417462599  
16.96867738  
-10.91304616  
41.19289382  
-15.98275804  
23.20678087  
38.11737858  
20.50845464  
-5.432242752  
68.96598073  
13.67408402  
-49.00452337  
39.97372645  
14.79429569  
39.13656336  
13.25006713  
47.50562093  
16.39742596  
8.088869137  
27.57236571  
-23.13885538  
-2.361716725  
-13.56825945  
28.46627745  
4.431581749  
-32.41791313  
-20.71547874  
25.80362534  
-29.60254956  
7.658497553  
