52.17252848  
88.55905203  
-25.14657675  
117.5151149  
110.6157159  
172.7586325  
187.199836  
118.6088947  
-90.24838637  
-29.78275216  
-2.73786492  
45.88913159  
3.168897382  
87.38386073  
-13.05707717  
93.23325457  
-44.83808051  
-85.45073316  
56.32790326  
-1.091230814  
32.22210482  
61.65315984  
82.10658898  
-27.10682519  
5.637831738  
-59.46891982  
174.7035271  
23.49015867  
25.51783793  
25.19001322  
53.23563705  
77.83877987  
136.6071459  
29.46854538  
157.1772529  
-0.2125154992  
69.44962764  
46.76823713  
-81.394574  
-72.07031566  
76.92978415  
-133.960768  
139.4274505  
10.06511866  
20.07550285  
46.68307366  
-71.44259042  
-19.31545058  
-82.41962661  
71.04784829  
-34.74347659  
37.72475253  
-26.64331065  
65.97551664  
67.78655584  
-36.85943225  
33.24728797  
38.05557476  
