3.137782169  
1.068972125  
-2.420040743  
13.83147752  
33.33640614  
26.37089237  
-7.5516093  
-17.08077783  
32.1168518  
38.45383127  
-37.38662233  
41.16879864  
-1.177635082  
-9.075096657  
26.63882684  
7.511474531  
9.835676961  
-54.35262369  
-23.91521632  
24.3525165  
-21.23146832  
-32.22659772  
22.303322  
-48.9231093  
-11.76037429  
43.06939882  
2.758932689  
-42.2344119  
15.2333604  
18.57113275  
47.70817202  
24.7381803  
-23.20497926  
-9.899243058  
-3.82887346  
-23.65996104  
-3.804662279  
-17.40964461  
-26.47476361  
30.45833472  
10.48535798  
-10.84054095  
-1.648054458  
-31.73067425  
-55.38025703  
-7.893062631  
-25.84049161  
-19.40551903  
29.61506894  
19.36545519  
8.124754572  
-6.108639215  
14.62619392  
-15.4179641  
-0.8116736186  
-2.499996293  
18.58440475  
-28.12879569  
4.439620861  
-38.80145788  
6.164346013  
3.472940173  
-12.25796592  
14.44777475  
-11.53491562  
-3.37786983  
45.64502625  
23.96658624  
46.27286811  
-4.296232159  
10.12220008  
-9.586686646  
4.252253056  
3.874012216  
4.182375027  
33.93588385  
-19.85368728  
-4.728788487  
46.0781791  
-0.4490149454  
-1.435720429  
27.99018166  
-8.415117742  
56.89338479  
49.50189871  
-43.6253282  
6.726829245  
-3.825918171  
0.4895607759  
-14.69185682  
-9.282288957  
-39.63178827  
-0.3985384095  
-0.1669785935  
35.02956535  
34.76879718  
20.26346788  
-65.84344284  
-6.920632379  
54.74504593  
13.30857562  
-15.70182173  
42.82466285  
17.04268173  
40.70011467  
-0.8897646964  
-28.65572722  
10.8708786  
41.688945  
39.39058049  
11.30757247  
24.54057297  
-7.292810947  
-16.46515969  
-7.135601843  
35.02210484  
12.78087528  
44.32641212  
31.73130514  
-1.718203065  
15.60017876  
-17.71720597  
-19.08508324  
8.877004679  
-18.25163219  
-5.783829359  
-8.558430728  
-28.51131573  
22.49077864  
0.1327823075  
72.1043083  
-23.57276084  
-29.6656456  
13.14529655  
-52.5884998  
26.38500432  
5.608224181  
-30.37239616  
44.87117429  
-46.84787971  
22.36832695  
-12.6975462  
6.19775948  
35.58964933  
-14.19287848  
28.99926935  
-23.04176658  
23.43028969  
20.98745353  
-11.79533031  
32.26719327  
-15.11168169  
-4.885739281  
-63.47244385  
2.501704802  
-1.916784568  
57.71484217  
-7.533908244  
-27.3752264  
-1.059715542  
36.15309282  
-9.29701466  
-70.37104161  
-6.872233925  
28.08763951  
-1.133726052  
-14.62649929  
39.57284618  
5.762365904  
5.270713048  
-26.31446684  
-6.011529766  
13.23194036  
-31.79248896  
21.52192313  
-3.656891633  
-12.80715856  
15.29499584  
21.6965912  
-6.22175962  
5.436242706  
51.61629841  
-1.421331168  
-1.752047602  
-27.78750213  
14.33359899  
4.101617798  
-35.44770014  
-10.54143137  
21.4664644  
48.57271138  
35.63300218  
-1.234868705  
19.35486372  
-1.759325464  
-15.94450253  
-58.56732842  
-22.19806126  
-50.73550985  
36.14244998  
-42.00351224  
-7.311138654  
4.435669186  
-6.375379981  
-22.95834599  
56.06508792  
8.123630013  
26.37954454  
18.58404556  
23.49244018  
-19.15664378  
40.2925263  
3.612554001  
-52.62111434  
18.50305291  
30.95283979  
17.26872369  
-21.24352678  
-47.33341131  
44.13970252  
-33.11864144  
9.08829684  
-22.53187786  
15.19673694  
-41.78690834  
22.97802109  
-22.02886671  
-63.85179286  
-1.409121307  
9.850044667  
-28.15801932  
-9.240487634  
