-0.005858803168  
-0.5545300352  
-4.051168889  
2.028050846  
0.226443093  
0.5844914098  
-1.939120406  
1.846792345  
-1.372795553  
-2.638993977  
-0.6124307117  
-0.8060621014  
-0.829780644  
1.03651455  
6.337784227  
0.5089542771  
-2.149142446  
-0.3565449625  
-0.8266425696  
0.2789570196  
-0.790956906  
0.6170187492  
0.1504486626  
0.2090343975  
0.7607549801  
-0.2062584866  
-0.2505142834  
-0.08223534949  
-0.04384792988  
0.2525332373  
0.0681392922  
0.3534398508  
-0.8838030458  
0.7745074631  
-0.09217679282  
0.6361461938  
0.4188706541  
-0.9415358758  
-0.5412857553  
-0.1850515018  
-0.7864193267  
0.1471735676  
-0.236045706  
-0.1064003905  
-0.04724777828  
-0.05442402035  
-0.5166445363  
-0.2086203938  
-0.3985542018  
-0.8216511395  
0.9351194802  
