122.0338769  
129.2296189  
61.6422093  
-35.80988656  
-132.7247776  
33.7259196  
-63.6401297  
-157.6601602  
-248.8330583  
34.72820068  
-18.07841873  
52.54307255  
-86.65068611  
62.43756017  
-40.37069596  
24.80744568  
-19.55260055  
-8.442468016  
-2.625922426  
-83.11421551  
21.58189963  
-21.94527643  
55.27994146  
17.40181535  
-91.32617932  
101.8580798  
-60.61832588  
-46.95196705  
144.0529698  
62.01848412  
40.89580047  
145.88573  
254.4871181  
67.98775456  
98.15303782  
-61.4369128  
-103.9294706  
-112.9997481  
-69.46250674  
10.83202806  
-127.4417796  
-81.88356498  
-2.473369421  
45.99510947  
-9.295946044  
5.423231186  
-16.72179751  
72.31284849  
22.8542937  
-177.8024526  
37.29809127  
-69.92219844  
25.42172296  
-381.9647311  
575.0291125  
-50.13520776  
74.09954345  
7.258841776  
-8.836468331  
-86.77832517  
9.613007915  
188.7562533  
-23.83878657  
4.980648045  
-8.322820471  
-14.84741226  
29.87478667  
79.04973315  
217.8333609  
