-14.11288398  
80.10739796  
-71.69015235  
-53.75893488  
-55.44506662  
-59.39024959  
-85.14001313  
-86.39055087  
-116.8494123  
-68.3000527  
98.96682725  
59.98038232  
-155.8231306  
31.6916301  
-52.13965625  
-1.04558064  
-104.3120805  
41.10578289  
59.73626407  
-109.1306429  
96.35501308  
8.942593133  
97.60433704  
-40.93779837  
-98.67938368  
-24.40823248  
-12.87731199  
59.28438917  
-44.37830936  
34.075051  
39.25789555  
135.3471295  
-42.81828056  
-35.23372636  
38.90504303  
-155.8228162  
-73.94709724  
-32.53247349  
61.92057869  
9.184516195  
10.7437577  
5.629000166  
117.7180195  
40.44119103  
86.40302373  
-21.99702364  
48.67081105  
23.05144797  
-82.24494048  
-9.053351331  
13.71275508  
70.17585421  
-14.57950171  
77.62597218  
-113.3995917  
-122.6412999  
36.3581586  
-98.05614195  
-406.980634  
-43.71593878  
30.57200255  
24.40278318  
25.69981576  
-82.67607065  
-24.2395695  
108.3802956  
0.4435121195  
140.6493857  
-11.11678533  
-3.682973844  
4.159902824  
13.98693469  
16.32905319  
-185.7269579  
-14.11197348  
-53.9711664  
44.79583515  
