119.9373724  
-6.774046417  
127.7582237  
116.4467391  
119.2165084  
61.89386529  
190.8365133  
147.797507  
-157.0422547  
47.28450851  
141.528002  
-68.46322642  
63.17238333  
-133.5105023  
-284.8554202  
-233.4629671  
75.63205809  
130.7209764  
-93.11472173  
-34.02470446  
97.72814143  
15.83298254  
36.87830738  
-128.7347126  
90.40537177  
-135.5528365  
-117.206998  
-49.13682182  
3.378388519  
259.5904889  
-64.38342762  
-85.03991712  
-258.9782702  
55.17165852  
-72.58064959  
-174.1534332  
-216.577605  
-58.19675615  
47.07238196  
-66.42665489  
-54.53567789  
-40.9912402  
-29.38427826  
-258.3507454  
-43.46603107  
-73.15396265  
-22.40347877  
-148.8185723  
-189.2576288  
-7.394269987  
251.4365364  
12.87195795  
-1.697749435  
-2.081390298  
109.4829127  
24.03858477  
-207.6871607  
190.432245  
-6.196287691  
216.4613043  
135.5613184  
11.23727796  
35.52630447  
42.8753127  
36.86177252  
33.21475176  
14.89758002  
28.31550182  
-71.01807187  
-85.47132618  
-182.0104654  
19.63839032  
-159.4079864  
-10.22819652  
34.65549284  
7.339574009  
-98.38556904  
-129.9891808  
510.586709  
195.3991009  
-214.930856  
-15.24310098  
-235.3787116  
-111.1057008  
-91.83568608  
262.7128426  
-25.77790803  
-14.59031381  
-33.40649284  
-194.8818655  
0.0831010276  
-135.0259542  
26.20091294  
19.05514674  
147.897516  
-248.7686263  
71.26263061  
1.262385727  
45.03674719  
-315.9268368  
68.73581766  
195.4591157  
-123.0348921  
158.5576971  
7.455179389  
-25.15886663  
72.35076138  
-32.86225671  
-76.12273193  
2.899926054  
-52.48858869  
-58.13616063  
231.0658997  
83.28775162  
-82.87672035  
279.278154  
-79.52051995  
-142.6246786  
-145.8506195  
-152.6969104  
-47.31779165  
-143.7875466  
63.14182885  
252.872131  
-62.51238146  
1.494422178  
26.5672927  
52.3912569  
-55.73722451  
-11.70791681  
-13.54213554  
-109.4925737  
-323.3983092  
18.0113138  
8.092473923  
-101.9049987  
52.7636366  
-98.28630424  
78.0291316  
238.3338081  
-241.6320601  
-177.0096924  
-55.58283573  
-136.2896014  
-11.47974486  
62.99839431  
-118.0986398  
18.1095636  
75.65526821  
-45.43081335  
21.62252832  
-30.97708595  
-103.7480566  
2.29168283  
-311.538179  
266.3602264  
101.4068773  
-186.4230435  
252.3968494  
-294.9333545  
-244.2926245  
-3.469001175  
154.8227924  
88.48581645  
68.45759509  
-44.9141916  
-91.64354855  
-0.1872177561  
34.04262412  
-40.71155656  
134.731705  
-3.582269782  
45.88062033  
69.60923188  
-123.746302  
-83.57901232  
-20.79000622  
79.26367335  
24.85903804  
-505.519097  
-50.50655372  
10.18159554  
-30.16036017  
48.21850047  
79.6072699  
-82.12105297  
81.48341517  
-91.81157308  
81.67027649  
9.022596902  
57.66712424  
136.4830225  
-250.2236245  
-23.06735193  
-456.0304102  
-186.4206782  
-162.5685854  
94.20907301  
-85.7830423  
13.90212594  
1.737540394  
-120.5238614  
-31.34676068  
46.76903605  
-205.5213753  
131.881931  
59.80098712  
-118.2304313  
66.98248904  
-63.87255573  
50.04540863  
19.12407609  
-61.26651902  
-31.00181984  
36.36874296  
-246.4590142  
53.89978735  
115.2806746  
-14.13914799  
84.94781801  
-94.69492421  
-17.89462173  
141.2454382  
-45.62645007  
-88.00361509  
-3.477063188  
-16.75502371  
22.15293075  
-154.5936683  
