66.06219083  
-102.8211114  
-4.367638536  
-41.20055885  
-14.15388686  
23.32538501  
38.09417362  
-22.39529131  
-79.67410978  
-125.2344173  
59.41954258  
223.8066905  
159.9022691  
-78.45445727  
-33.36678956  
152.1007377  
3.136119208  
116.0948672  
283.9996197  
4.294872712  
33.08904392  
-71.95189687  
-67.4946661  
-106.390503  
-70.76306669  
-7.133930257  
23.36074274  
39.64034559  
26.99427662  
-43.77362532  
74.21363792  
-7.424650881  
-46.91539533  
-25.48394493  
52.87484684  
32.29037429  
-140.2900816  
-99.12021506  
84.8348166  
-134.5391048  
-139.4572826  
-52.51807559  
-1.620214307  
-79.7477612  
-80.99048985  
-7.663394217  
-52.95608052  
21.92383723  
-92.32118852  
14.49178024  
-49.9738042  
-31.65739456  
-28.78117524  
-74.68487164  
1.277060983  
103.9620564  
165.2255028  
-46.33585159  
189.7243402  
-0.4363195424  
-43.6114177  
60.61085617  
88.4344858  
-146.61764  
-36.75754777  
59.16249712  
64.47717007  
53.21214152  
174.407636  
-48.34628162  
24.85098402  
26.37826864  
2.110206288  
-30.40822316  
38.31928922  
-162.3536399  
60.52112157  
-45.09643809  
-27.48704342  
57.99692586  
84.97429423  
52.4665778  
-47.02533413  
-65.82560194  
-44.19019028  
-56.94290628  
43.54994518  
17.56322168  
-44.37034898  
-118.2365144  
42.49428547  
20.98401131  
65.44635024  
51.68472989  
-56.20598549  
-21.91650877  
-20.68056563  
8.046017344  
-99.93478116  
-44.59123402  
-14.41365676  
1.969961442  
69.05196559  
19.29912008  
-5.892174512  
88.50551949  
-78.75607658  
66.68622937  
-63.22310778  
-77.96133528  
-82.76159577  
7.714545214  
1.227716776  
-121.5429384  
-9.719832099  
-7.695937755  
5.093389628  
66.08415266  
56.39634512  
0.1029622338  
12.15764434  
18.51018147  
122.5460123  
-76.22656  
28.8979857  
-5.433516471  
36.99036089  
-51.5595841  
-43.19204771  
59.84916067  
-35.81383246  
-108.5168063  
-61.52567389  
-72.47338536  
15.06995648  
-42.02354091  
83.79045967  
-76.49695011  
96.09638584  
48.31713098  
-10.95331378  
-23.40566302  
-4.491397496  
-34.70732515  
-34.38739406  
-55.59502367  
89.34318702  
-104.957348  
-12.43967922  
2.845707748  
14.59943957  
71.98690331  
6.384379948  
29.65591221  
-118.886731  
-45.44417647  
-73.3262848  
49.24829744  
-9.473538419  
29.45392011  
40.72365747  
-0.4754898191  
15.26663722  
34.27521623  
84.49067204  
-48.29775177  
2.980509919  
-84.05949559  
-21.74140389  
-69.97723365  
-192.323411  
248.9325051  
4.886059562  
-22.20801251  
-141.9309384  
18.27026042  
126.0606718  
28.00992827  
181.6483495  
41.10161763  
43.62085073  
-60.16548536  
22.0375542  
36.46716194  
-1.455153909  
-32.7602981  
13.05528544  
31.09035565  
-105.4623168  
-1.823191513  
-27.51893407  
53.30577483  
-36.81967649  
105.9728757  
113.0876631  
-98.39999707  
-28.28388317  
67.5351404  
47.19249272  
96.84142662  
78.58175438  
-13.06009469  
-0.9039625828  
43.63698005  
-10.35976849  
70.73339987  
-127.4452506  
8.158119021  
-34.3779909  
-21.80638365  
36.83146342  
-109.0540742  
70.12534466  
-93.87806426  
-100.9999385  
-56.68946646  
50.6153613  
13.20832838  
22.90946048  
4.247715119  
-105.9928626  
-26.29620324  
-85.41994482  
93.11222397  
-78.14658589  
90.55067024  
-85.49465675  
6.804804176  
-29.8540089  
-59.10515149  
-106.7389638  
