-60.68514087  
-45.06607938  
-39.28547917  
-143.5697208  
24.28250276  
53.07406922  
-123.5117247  
32.43645785  
-72.81102477  
18.69978515  
-144.1527249  
-30.37759066  
-17.32478484  
-28.59546296  
-46.15373219  
-139.7815278  
-0.541498226  
30.70628753  
64.66606166  
-45.89933151  
-172.834081  
43.68116665  
59.58950368  
-11.21903075  
49.51145386  
-113.7053124  
-45.80864432  
-53.08177586  
-73.72148807  
-139.190658  
-45.17836986  
-58.8716988  
-79.41105199  
-36.05444668  
54.90921423  
-44.27769363  
-5.467835818  
-74.73577935  
-169.8063545  
58.76659513  
-1.293354618  
22.51901988  
-22.59609858  
4.988703711  
-16.84743107  
-46.14913492  
-32.69547494  
-37.00143873  
-66.87178435  
-65.94814877  
98.32819164  
171.425526  
101.959144  
87.2583291  
-24.43393345  
-90.18127465  
-66.01196549  
89.19486159  
-37.11443686  
-82.67563049  
-151.668387  
-151.8269277  
34.77875944  
-49.69968781  
-16.96933482  
-57.04225787  
-179.5114612  
-29.77097987  
11.23827702  
-94.67996578  
76.88819112  
-75.69682188  
-33.06155646  
-18.23792342  
-44.35010727  
-87.44199139  
17.87982035  
-68.2453572  
58.72240226  
30.65966569  
26.11569288  
-84.74170848  
-52.41485835  
-60.04106518  
-115.0260043  
-148.3233979  
-24.39706927  
-71.94559516  
-7.78756635  
-76.76290416  
-206.1009259  
-13.28578643  
-70.08659212  
-16.54543375  
-33.71612244  
-118.378071  
-64.10915263  
-74.75175561  
-76.05990525  
40.98925868  
78.82953496  
17.7292719  
-94.95645559  
-59.62888071  
10.84134934  
-13.71962682  
-37.60794659  
52.99375206  
7.097483345  
-60.08420791  
-66.72269766  
-29.07181949  
-149.5959649  
-45.01506458  
32.74792153  
-34.30340304  
-56.50980842  
51.07206642  
3.390953027  
-72.81704704  
2.704532546  
75.70710737  
-86.53887099  
-59.10004774  
-60.00753548  
-57.66501454  
-88.29326718  
2.069669596  
74.81579817  
-45.18356328  
-21.49429001  
-42.37562699  
-15.56898166  
-175.5602989  
6.192896572  
-6.94218844  
-18.8501372  
30.0534181  
-106.7568666  
-114.79904  
5.74727568  
-59.84846228  
-110.0623748  
56.67070498  
-22.82527479  
-39.6773325  
87.52334499  
-22.43377013  
83.93170542  
21.55457942  
-20.52255444  
95.79912451  
-39.82126675  
-324.3345406  
108.7265707  
-21.77638993  
-25.58511585  
-6.982158445  
132.8463786  
4.380520164  
-286.844893  
106.967314  
8.232301781  
-34.81976416  
-5.152746439  
23.94767263  
96.37776919  
-35.23075022  
10.85172896  
-31.74208873  
96.21095125  
-73.6944982  
-5.500184233  
-29.8281989  
66.98095363  
-5.834365816  
-3.190387179  
59.87405117  
-13.88010453  
110.7374287  
-55.13334137  
-93.88316847  
-65.31681084  
18.78027697  
93.78400391  
27.01086673  
-70.11970247  
-70.17614493  
-115.0117125  
-209.2833206  
210.6361265  
-172.4245197  
3.038753283  
86.89464457  
-97.80104185  
-50.42401304  
-57.00484308  
-205.596202  
69.6755148  
-76.58051739  
-55.00675434  
139.6282869  
-82.04340051  
47.73149626  
12.84468913  
27.21258724  
37.09622331  
-7.988014152  
-58.74906739  
38.18016708  
-92.44640795  
-115.1363611  
-13.13111212  
51.1014355  
-67.58090837  
23.6024864  
-78.18886003  
-34.91510437  
-6.384513741  
-187.8266578  
143.5654926  
18.04091204  
11.62086792  
-140.5104333  
