37.07851622  
43.25225399  
135.937731  
26.0956965  
6.262924366  
59.74350144  
-53.62978709  
117.1308993  
111.0250429  
65.51741828  
-50.16100907  
23.7807725  
67.23662322  
-14.73561754  
55.27211323  
-88.18900975  
51.59387499  
122.4090664  
109.0827261  
-10.17307217  
-132.2478869  
7.774999441  
40.55758302  
134.7517543  
114.3120136  
-8.765276257  
-26.94078636  
79.88528924  
-44.93095852  
-43.60645814  
-56.78812879  
-37.21878713  
21.4227963  
25.51789038  
26.861575  
40.88604123  
38.82040483  
34.73115778  
-38.06141223  
84.3738167  
55.90156975  
54.87195096  
15.78885225  
-63.73322975  
15.37107894  
59.60665895  
-0.3520266367  
15.79390085  
-56.95195694  
34.25340477  
39.73464168  
142.9888094  
109.4341789  
108.5130008  
-49.31938029  
-6.361347364  
24.34446696  
85.5343388  
72.00470099  
52.28786156  
-76.21800518  
9.602274854  
8.742790147  
9.795643665  
27.22051885  
59.25891994  
-112.7754311  
-7.727286275  
263.6049985  
-11.38927865  
95.79359124  
-70.77036804  
52.28717285  
15.30086421  
29.87189961  
68.12545894  
47.59690592  
69.67138018  
79.49655398  
63.04289353  
116.5989461  
-16.98481567  
60.78587611  
-14.18879278  
-65.43753419  
-55.28682455  
-2.438859061  
-23.30261362  
-51.85747707  
22.6994563  
-59.3550012  
-4.688256891  
-40.66636444  
64.79652592  
33.75792112  
-92.53236573  
13.71224143  
17.85199193  
-46.3766479  
35.05689542  
100.3879857  
81.74583645  
-13.06792432  
43.52176909  
141.7746837  
43.21175165  
24.4678377  
25.48816761  
3.660493939  
61.10221152  
-74.36695906  
50.12905579  
-49.08377224  
76.72452699  
131.9850758  
95.1478078  
80.37571522  
125.1455278  
71.49092375  
56.06594022  
-67.2037881  
26.13433024  
-23.88826287  
-47.76341096  
-46.96753059  
31.03869923  
25.66831084  
66.33569562  
66.37709668  
-4.462150463  
13.02891802  
45.21671681  
66.45166923  
25.24654219  
101.9166294  
99.68856214  
194.9093808  
39.26605917  
22.7370827  
-36.01857776  
59.93786076  
-27.63169134  
-34.18703458  
139.6627061  
0.8239893819  
92.67218455  
97.06152976  
78.22249898  
137.2533528  
190.4936318  
72.87598038  
161.3198121  
-6.001443104  
-117.9078557  
139.800585  
19.91094829  
-26.08958257  
87.94227437  
66.29941151  
39.61430093  
-16.10570005  
161.8338638  
-7.331260546  
24.32660428  
82.72170245  
46.77878094  
105.5229666  
-42.38843315  
127.2593866  
-79.16897316  
243.4975579  
-3.824978439  
119.5681657  
17.55508981  
223.7621643  
23.04554191  
7.251816672  
123.2835017  
37.0649542  
80.61368964  
69.04235524  
-84.87988822  
-102.4522208  
7.369777751  
150.0947829  
203.4369841  
32.70352221  
102.7099839  
-42.19403865  
-122.381712  
290.0032596  
-151.1616488  
0.7711778456  
170.332804  
-44.75513003  
26.30344177  
18.14640578  
-116.2154199  
-56.5279115  
83.34784696  
-49.45689452  
96.69472783  
-21.08930465  
33.42332959  
69.85999269  
46.37752191  
33.58030955  
92.27347314  
-4.685942767  
14.32034617  
-64.13594327  
5.983388634  
-39.73149621  
163.0758774  
17.52898027  
-23.30434086  
-17.47211614  
46.82113099  
-3.422060025  
-62.77658615  
228.8104865  
64.30528301  
7.122750477  
-85.40103212  
