58.62733782  
0.6786430855  
6.404168027  
37.96212766  
129.7783586  
134.8266133  
-95.68273478  
25.10358461  
-6.423592563  
54.70881611  
-78.44500154  
-7.233240776  
-59.28346513  
-176.0199047  
90.42734332  
22.75602945  
67.5116879  
-58.3504686  
-11.05354751  
-0.7527687081  
-83.61840061  
-93.70730016  
84.47897418  
-174.8261323  
75.43566403  
-0.2546296224  
24.43433492  
-115.0897233  
7.323838454  
135.3919127  
120.1326966  
57.28837216  
113.1853446  
-37.98321171  
-83.00018906  
-76.23207116  
-26.74392131  
19.79609213  
-23.42547296  
45.93150371  
-11.80982854  
-48.23790349  
-152.4031516  
-120.5913598  
-209.2351557  
-49.69644946  
-85.01373684  
-118.2260017  
-17.50636593  
-43.0085812  
-1.634415792  
-59.07070918  
24.30292653  
9.87127428  
58.22776305  
-60.09090739  
2.212890215  
-58.84792351  
-38.70116024  
-48.9990075  
-30.94847207  
-30.04078216  
-22.8472027  
-20.32542601  
-2.67859748  
12.61060299  
-0.5440443805  
-23.56246015  
14.15951317  
-25.66316444  
-34.48468302  
-124.205493  
-103.2983194  
22.36355915  
18.52424144  
4.417378944  
3.025551651  
-17.41330686  
-19.1373013  
-53.20972407  
-2.928999234  
-98.27622457  
-71.02211757  
2.492428426  
87.92496837  
-98.98357002  
-65.74436701  
-47.27143708  
50.33656405  
-80.26429467  
-13.41978502  
-106.6833758  
-80.91663255  
-30.16986878  
58.4125923  
22.5288936  
52.37329429  
-154.2659958  
-33.4071507  
87.46714811  
13.67420787  
-151.8897007  
-66.04340138  
20.51943347  
10.66871968  
12.48418649  
-88.3550114  
34.8567932  
107.4147041  
-3.715119683  
60.54916868  
107.8930006  
-65.94154073  
-118.9627815  
-66.83820116  
35.64628407  
63.21072252  
26.57821822  
25.2823778  
0.7602808528  
45.8582639  
-98.59541877  
65.86988792  
-15.9855089  
-40.25139865  
-42.37538938  
-48.83560213  
-87.68433108  
52.29986539  
11.17904806  
48.60671934  
-38.2902953  
-47.59577605  
34.32701091  
-152.4867417  
140.5133054  
20.03429838  
-83.73060827  
-19.02003456  
-60.20702238  
91.97300528  
-7.891492256  
19.07666517  
-37.0536792  
-155.020098  
51.77920906  
-131.1226996  
46.80863094  
70.52203406  
-18.3425428  
57.26276406  
-11.60480388  
-80.56465282  
-197.1867236  
-12.84142598  
55.62781449  
156.3928263  
-101.1152458  
-93.36007891  
-114.7540102  
147.2372727  
48.81328238  
-101.1046258  
-13.07231852  
60.80518465  
67.79699507  
-61.59252379  
81.40230928  
39.84261755  
75.86649635  
-20.81418733  
16.46490428  
-18.08064492  
-76.60291207  
104.9417822  
12.65097192  
-107.0940203  
-63.33983721  
-28.68428476  
-2.503216823  
39.48636072  
8.005723348  
-17.39772524  
-14.47132939  
-31.06292713  
185.8408806  
82.48760177  
-64.88721999  
-13.04680752  
-37.68937648  
89.1423402  
5.84964497  
-5.966213919  
68.8630591  
-35.75212973  
15.19007063  
-31.94512947  
-11.22840637  
-75.97877657  
103.8409349  
-167.9620884  
-72.84650677  
131.5159757  
21.44223895  
-35.39095279  
94.32140804  
30.71972928  
120.7089559  
-33.1876187  
78.85666259  
2.966844484  
37.25430883  
-26.79441448  
-111.5199826  
15.25883895  
37.98695662  
20.64656042  
77.24944174  
186.9307604  
87.00819317  
-106.2711167  
-15.50359239  
-11.42539888  
2.253680612  
-118.1364086  
64.64591621  
6.525979157  
7.29866958  
48.61449094  
-94.81504026  
-25.50874568  
-21.67709722  
