61.73096458  
-17.01051395  
119.2582633  
59.24336592  
196.1965304  
152.1502136  
-12.07733399  
80.79824989  
-41.61550108  
83.09424698  
-40.99351904  
22.42998629  
-30.40310229  
-95.02710789  
144.7167205  
-23.86061821  
15.12853811  
36.40454179  
65.69836033  
-12.98270697  
-18.18540715  
-23.57103718  
149.8972567  
-17.50087203  
43.67978818  
86.45417278  
35.42609563  
-3.649360423  
0.8177878904  
133.4764993  
108.1550085  
146.4098895  
73.738442  
32.71039311  
-55.29479391  
99.71557938  
-44.0705334  
84.44820865  
116.1194484  
77.99644814  
-18.46940902  
-39.44778328  
-59.48055365  
-75.37237417  
-171.2379604  
63.43884763  
-6.31475657  
-90.56898065  
18.19713656  
64.30878543  
49.1144268  
76.63187982  
95.43925582  
96.29807513  
82.76864624  
-12.28956027  
26.19713839  
-25.20765048  
-19.2979685  
95.64095308  
35.46865776  
-49.25758245  
16.6185525  
79.19287248  
35.33285923  
96.22857938  
76.1744816  
72.8171694  
168.2226224  
16.95868031  
-0.8944995079  
-84.56534836  
-59.75831489  
65.51255781  
25.86270336  
-25.39570961  
-13.34754526  
3.634106915  
-18.62308248  
-36.78256424  
28.37732561  
-77.59114164  
80.8672477  
22.94583733  
42.01749706  
40.32349994  
47.3090737  
-18.91556636  
101.5511583  
-97.92082335  
26.4936039  
-1.742087227  
-38.25690922  
-70.76034354  
80.12657551  
19.39307131  
11.16101587  
-113.7595457  
24.07739712  
149.353988  
42.30746421  
-112.0501508  
-67.3286145  
64.08828549  
135.4873073  
-12.74142506  
29.93922705  
51.89803666  
256.5163387  
68.05980502  
95.85083283  
23.86569912  
16.42243024  
-135.8493747  
-26.0542797  
86.52783545  
67.95038626  
75.126518  
117.0736165  
64.59792568  
103.785126  
-35.9905641  
110.0605746  
70.01753426  
-32.46253265  
-58.06305245  
-9.269032348  
61.42534241  
86.32744009  
77.16124199  
99.14900212  
-26.16251533  
-43.52363067  
5.043743461  
-81.2214552  
78.26711463  
19.97670949  
-76.76108635  
123.3291726  
27.47083352  
200.0907321  
61.39768472  
0.7683418885  
12.38300981  
-0.7957604705  
39.33683105  
-18.75995699  
77.47662047  
126.7816668  
114.8206403  
124.3680968  
-3.111933787  
20.09488062  
27.54031434  
-11.65671243  
178.0656525  
170.6039194  
-90.91240516  
2.27663853  
78.86655224  
240.9125038  
108.079559  
16.68673579  
15.78877266  
129.2282417  
36.02480871  
97.05886024  
127.8011402  
179.7942238  
48.84025639  
85.00997327  
-31.75045318  
-10.45352844  
-34.45989471  
53.77409746  
123.9982214  
35.24463859  
81.45068983  
132.377464  
52.00851102  
-2.223501936  
9.916839226  
77.76268787  
-2.942728099  
-41.19009077  
194.0797364  
129.9094657  
-48.95943227  
135.5035307  
60.75991583  
92.27606412  
-100.0675314  
2.42709072  
99.93642532  
42.025529  
-3.868240428  
20.12402473  
48.03702093  
68.36113618  
103.315547  
-17.94670232  
-18.58684582  
224.2894641  
63.16010171  
31.36061105  
53.79838453  
5.17731506  
124.9291641  
15.34788758  
63.73087151  
59.19234311  
149.3044261  
-46.82504645  
-99.08700994  
57.66551497  
66.89453503  
87.90540173  
77.88175411  
320.340058  
34.50338226  
27.02245702  
86.2084431  
-36.16684854  
-33.02335773  
-89.60418218  
73.78460786  
48.12133338  
95.86872915  
-28.67931667  
49.89844946  
-20.76639151  
106.528491  
