0.1069462835  
0  
1.467182353e-06  
0.06937263927  
0.09069731832  
0.08368107534  
0.001024855514  
0.06788798732  
0.2070037358  
0.1905344389  
0  
0.03845573915  
0.01090420193  
0.04254518387  
0  
0.0003063579978  
0.01583866043  
0.0001371020116  
0.01472868136  
0.06386581803  
0.2026618405  
0.09196275887  
0.01463909458  
0.07591325076  
0.0356093524  
0.04888012873  
0.007095138012  
0.02840263512  
0.2401681542  
0.1228959792  
0.03552593022  
0.01891195308  
0.04759539716  
0.3187458697  
0.007291728489  
0.02673986989  
0.06582186557  
0  
0.1149716398  
0.1588544096  
0.09133801506  
0.01387458102  
0.1170820871  
0.07151702253  
0.1222799011  
0  
0.3152395354  
0.01620211604  
0.0900300304  
0.02687556059  
0.002633113672  
