0.0002472326159  
0.002588157258  
0.0002737382906  
0.0001809298593  
0.00414835641  
0.002363974723  
0.0006191487966  
0.02639410727  
0.005920034177  
0.0002956450771  
0.001814681253  
0.0004701190141  
0.00461074446  
0.01288889146  
0.003103461598  
0.007111113943  
0.1215834379  
0.001041929313  
0.04347529527  
0.0001761869262  
0.0007269427565  
0.002218407369  
0.0008748267884  
0.002703154372  
0.08793532501  
0.001138545098  
0.01531437788  
0.001559356122  
0.1084080946  
0.0004397017673  
0.0005339142905  
0.003987848272  
0.0006979649788  
0.05574742769  
0.001159392334  
0.04451349041  
0.002657730916  
0.001531795616  
0.06354393808  
0.001257320623  
0.0009879895642  
0.0008144604631  
0.00170396433  
0.0006200389543  
0.009910261469  
0.003724737847  
0.001744218945  
0.0005145043913  
0.002089057044  
0.003053294765  
0.0002438659268  
0.000439519706  
0.005618847485  
0.002480123613  
0.0006209182385  
0.02606933364  
0.006895855927  
0.001831893167  
0.0007652899037  
0.0003993214548  
0.000562414243  
0.003049695891  
0.0003548372259  
0.2053425137  
0.0006120469877  
0.001876471513  
0.0004622139453  
0.0008697079134  
0.02930916455  
